[ColorEffects:Disabled]
Color=56,56,56
ColorAmount=0
ColorEffect=0
ContrastAmount=0.65000000000000002
ContrastEffect=1
IntensityAmount=0.10000000000000001
IntensityEffect=2

[ColorEffects:Inactive]
ChangeSelectionColor=true
Color=112,111,110
ColorAmount=0.025000000000000001
ColorEffect=2
ContrastAmount=0.10000000000000001
ContrastEffect=2
Enable=false
IntensityAmount=0
IntensityEffect=0

[Colors:Button]
BackgroundAlternate=64,69,82
BackgroundNormal=65,72,87
DecorationFocus=82,148,226
DecorationHover=82,148,226
ForegroundActive=61,174,233
ForegroundInactive=137,141,153
ForegroundLink=29,153,243
ForegroundNegative=218,68,83
ForegroundNeutral=246,116,0
ForegroundNormal=211,218,227
ForegroundPositive=39,174,96
ForegroundVisited=155,89,182

[Colors:Complementary]
ForegroundLink=29,153,243
ForegroundVisited=155,89,182

[Colors:Selection]
BackgroundAlternate=29,153,243
BackgroundNormal=82,148,226
DecorationFocus=82,148,226
DecorationHover=82,148,226
ForegroundActive=252,252,252
ForegroundInactive=147,186,227
ForegroundLink=20,109,172
ForegroundNegative=160,48,50
ForegroundNeutral=182,85,0
ForegroundNormal=211,218,227
ForegroundPositive=27,123,67
ForegroundVisited=155,89,182

[Colors:Tooltip]
BackgroundAlternate=47,52,63
BackgroundNormal=53,57,69
DecorationFocus=82,148,226
DecorationHover=82,148,226
ForegroundActive=61,174,233
ForegroundInactive=137,141,153
ForegroundLink=29,153,243
ForegroundNegative=218,68,83
ForegroundNeutral=246,116,0
ForegroundNormal=211,218,227
ForegroundPositive=39,174,96
ForegroundVisited=155,89,182

[Colors:View]
BackgroundAlternate=64,69,82
BackgroundNormal=64,69,82
DecorationFocus=82,148,226
DecorationHover=82,148,226
ForegroundActive=61,174,233
ForegroundInactive=137,141,153
ForegroundLink=29,153,243
ForegroundNegative=218,68,83
ForegroundNeutral=246,116,0
ForegroundNormal=211,218,227
ForegroundPositive=39,174,96
ForegroundVisited=155,89,182

[Colors:Window]
BackgroundAlternate=47,52,63
BackgroundNormal=47,52,63
DecorationFocus=82,148,226
DecorationHover=82,148,226
ForegroundActive=61,174,233
ForegroundInactive=137,141,153
ForegroundLink=29,153,243
ForegroundNegative=218,68,83
ForegroundNeutral=246,116,0
ForegroundNormal=211,218,227
ForegroundPositive=39,174,96
ForegroundVisited=155,89,182

[General]
ColorScheme=Arc Dark
Name=Arc Dark
shadeSortColumn=true

[KDE]
contrast=4

[WM]
activeBackground=47,52,63
activeBlend=47,52,63
activeForeground=211,218,227
inactiveBackground=47,52,63
inactiveBlend=47,52,63
inactiveForeground=102,106,115
